2.191489011077607962e+00 8.691515580228459381e-02 8.279361918611435334e-01 5.334933343943236705e-01 3.752430283658597654e-01 3.672221931218376811e-01 9.681532515298252317e-02 7.886893656890618942e-01 9.305822131014661602e-01 1.335048036493942103e-01
1.809336323304978622e-01 2.359943750349740910e+00 7.960173622205427568e-01 4.092806549051704046e-01 9.900185684621457538e-01 2.772689745402909800e-01 2.519576314744786938e-02 3.093025160641713622e-01 2.317656220575015080e-01 8.699427941372420703e-01
1.507688013175071395e-01 7.677983671987727021e-01 2.454560974199794465e+00 2.156630430749897354e-01 9.470161216434441753e-01 9.121592360648688169e-01 8.800684086495025316e-02 3.078116914872603971e-01 6.675039263104786125e-01 6.036517298738297566e-01
5.180142223230514986e-01 5.264675397242165600e-01 1.915473967683988255e-01 2.004580667735829103e+00 5.770334272948758336e-01 9.771821874598238811e-01 8.813081163291429654e-01 5.181076889650801931e-01 1.464847329511916874e-01 8.551703002042712054e-01
9.058419423598447207e-01 8.494655376000117553e-01 9.214215103107337157e-02 2.569903730774938388e-01 1.972253727382953459e+00 1.795926187491205805e-01 2.596057301829322039e-01 7.514084408299190887e-01 2.612580003278089924e-01 4.449708412630509757e-01
8.927504939249992777e-01 5.959630437964575922e-01 7.588210012430435247e-01 2.638501350922635158e-01 8.952259494568237663e-01 2.771078408112111369e+00 5.853018419246500681e-01 4.921802211339834088e-01 6.974678686604437461e-01 2.383000761728396588e-01
2.955707247666505832e-02 4.860049576805006710e-01 8.665615419174613754e-01 1.049571092716418130e-01 1.980051023645573727e-01 5.190647235839611628e-01 2.591685890629704669e+00 3.676201021207924358e-01 8.149365246021111897e-02 4.954700342128310897e-01
6.774982464789998104e-01 4.005897864024957622e-01 8.906801367553256465e-01 3.909964260405421888e-01 2.623166361013384851e-02 2.406328984427763551e-02 7.611217094408345707e-01 2.259136040881616125e+00 4.102220321963195859e-01 7.606841376876041227e-01
1.520384160609573598e-01 3.292257033495014085e-01 1.314863719314451895e-02 1.227146327160780759e-01 5.051157032419086867e-01 4.677611859937127470e-01 2.729393232945686032e-01 6.320957617340167145e-01 2.034474686093462381e+00 1.798598944751990114e-01
2.179066057548283419e-01 2.826244497386587451e-01 9.151035229244450786e-01 5.044385881282542616e-01 5.772322416516026955e-01 1.669884526098837085e-01 9.266215396488745037e-01 1.846557123881821250e-01 5.225408224550116554e-01 2.140856507524973917e+00
